180740012142
990640000283
110340001000
171140021228
001140001935
221040048170
240140016946
080840003493
230240010152
160440005016
020740000216
040240005817
050340008817
050440003512
050441006750
060740000779
071140005277
080240023694
090940011241
101040008325
120640014789
131240007121
140640010600
151140019204
160940024122
161040011108
170340020365
180840012894
190640013723
200140018552
200940013828
220440026598
910408401131
230640014771
021140004557
080740011581
131040001736
201140021961
220240900257
221140003025
101240016899
170940011000
200140025139
210440008052
220240011979
220340038280
221240011862
240140011057
660420303292
180540036023
970440003207
080240005646
200640009264
020440005444
051140005015
070540002353
210540023347
080440000286
740811300489
860911400542
210940023936
220740042243
221240001151
161040011950
180440024333
230340033599
231240028581
191040011689
010540003340
170140015242
220440007908
230540034237
220240041772
220640035950