000140000377
000140001338
000140002207
000140005251
000240000294
000240006055
000740002447
000740005322
000840000642
000840002183
000840002619
000940001654
000940003701
001040000379
001140000075
001140000530
001140002011
001140004068
001240002005
010140000321
010140004275
010240003260
010340001169
010540003767
010540003866
010540008501
010640002059
010640002455
010740006411
010840005843
010940001001
010940006647
011040005321
020140011646
020240001276
020240001563
020240006069
020340001557
020340005381
020440003369
020440005107
020440007074
020540001762
020640013294
020740003786
020840004946
020940002646
020940004553
021040000510
021140005961
